49633604 1025883163 800.489
1025883163 1025883148 136.492
1025883163 1025883335 462.80899999999997
49633610 500954916 458.547
500954916 500954919 762.477
500954916 51006344 398.755
50822616 50822628 195.17
50822616 1253134367 63.40299999999999
50822616 51124404 80.525
50822628 50822631 79.07
50822628 50822616 195.17
50822628 51089806 100.8
1253134367 50822616 63.403000000000006
1253134367 1713875786 165.41400000000002
1253134367 1253134257 70.48400000000001
51124404 51124407 121.91900000000001
51124404 51254910 16.646
51124404 50822616 80.525
50822631 50822639 197.24699999999999
50822631 50822628 79.07
50822631 51196655 79.298
50822631 51098232 78.687
51089806 50822628 100.80000000000001
51089806 51124409 92.263
51089806 51124407 100.902
50822639 50822631 197.24699999999999
50822639 51124412 121.208
50822639 51157336 70.38799999999999
51196655 51087644 109.15700000000001
51196655 50822631 79.298
51196655 51196658 54.681000000000004
51196655 51089802 95.879
51098232 51098242 139.096
51098232 50822631 78.687
51098232 51124409 60.867999999999995
51124412 51098242 81.63900000000001
51124412 51157345 67.787
51124412 50822639 121.208
51157336 9146326210 286.281
51157336 51196658 191.159
51157336 50822639 70.388
51157336 51087643 113.75200000000001
50823257 50823258 77.17
50823257 51237040 103.598
50823257 51235872 164.711
50823258 50823261 78.504
50823258 50823257 77.17
50823258 51299793 103.599
50823258 51235873 208.48299999999998
51237040 50823257 103.598
51235872 51235873 76.928
51235872 51235871 77.766
51235872 50823257 164.711
50823261 50823263 76.058
50823261 50823258 78.504
50823261 51273438 104.108
51299793 50823258 103.599
51235873 51235872 76.928
51235873 51229571 89.88499999999999
51235873 50823258 208.483
50823263 50823261 76.058
50823263 51221900 140.445
50823263 51107518 77.827
51273438 50823261 104.108
51221900 1733677065 11.374
51221900 50823263 140.445
51221900 51192442 376.74
51107518 51107517 78.616
51107518 50823263 77.827
51107518 51221899 126.501
50823371 50823374 80.196
50823371 51186573 85.75
50823371 51143780 88.095
50823374 50823371 80.196
51186573 51186574 62.684
51186573 51113955 136.798
51186573 50823371 85.75
51143780 51115824 108.887
51143780 51132047 113.552
51143780 50823371 88.095
51143780 51298204 166.07
50823612 50823662 236.75799999999998
50823612 51269815 144.43200000000002
50823612 51269805 138.13799999999998
50823662 50823688 115.4
50823662 50823612 236.758
50823662 51087690 74.69
51269815 51269922 81.013
51269815 51182436 297.421
51269815 50823612 144.432
51269805 1718664117 351.41099999999994
51269805 51176286 640.451
51269805 50823612 138.138
50823688 1665264181 43.344
50823688 50823662 115.39999999999998
50823688 51269922 178.668
51087690 50823662 74.69
1665264181 50823688 43.344
51269922 51269928 79.413
51269922 51269920 63.622
51269922 51269815 81.013
51269922 50823688 178.668
50836586 51130227 247.85999999999999
50836586 51144532 981.74
51130227 50898289 1687.575
51130227 50836586 247.86000000000004
51130227 51071010 198.79
51144532 51144789 167.818
51144532 50836586 981.74
51144532 51144529 497.03000000000003
50838587 50969797 151.54
50838587 51123234 74.402
50838587 51123228 79.883
50969797 50838587 151.54
50969797 51141048 79.534
50969797 51141047 74.697
51123234 51144181 154.14
51123234 50838587 74.402
51123234 51141047 151.594
51123234 51123239 151.845
51123228 51268626 154.126
51123228 51141048 150.015
51123228 50838587 79.883
51123228 51123227 147.471
50847853 51101339 737.332
50847853 1642708234 122.07000000000001
51101339 50847853 737.332
51101339 50963129 1111.297
51101339 51082945 1291.033
1642708234 5406368789 71.412
1642708234 1642708232 66.695
1642708234 1642708205 173.872
1642708234 50847853 122.07
50856524 50856527 37.050000000000004
50856524 1718218572 576.293
50856527 50911538 60.097
50856527 50856542 153.274
50856527 50856524 37.050000000000004
1718218572 51144255 11.364
1718218572 51144259 127.841
50911538 50856527 60.097
50856542 1407395620 36.121
50856542 50856527 153.274
50856542 50856544 40.99
1407395620 1407395619 47.554
1407395620 1407395621 67.62
1407395620 50856542 36.121
50856544 1718497378 11.258
50856544 50856524 138.39999999999998
1718497378 1718497380 7.201
50857656 50857658 3.426
50857656 51013033 7.161
50857656 51248627 35.977
50857658 50857660 4.026
50857658 50857656 3.426
50857658 51013033 6.619999999999999
51013033 50857656 7.161
51013033 50857658 6.619999999999999
51013033 51122346 53.42699999999999
51248627 50857656 35.977
51248627 51248623 64.082
51248627 51268406 115.017
51248627 51098786 288.229
50857660 50857658 4.026
50860239 51197416 65.322
50860239 51127918 156.856
50860239 51180045 66.157
51197416 51197417 156.14
51197416 51114809 155.54
51197416 50860239 65.322
51197416 51112630 135.30700000000002
51127918 51180046 64.929
51127918 51197417 65.733
51127918 50860239 156.856
51180045 51153561 77.071
51180045 51114810 156.153
51180045 51224513 121.475
51180045 50860239 66.157
50861749 50995171 98.453
50995171 51175263 71.599
50995171 51182498 41.078
50995171 50861749 98.453
50861752 51175263 89.005
51175263 50861752 89.005
51175263 51080980 155.452
51175263 51132995 98.804
51175263 50995171 71.599
50869106 50869414 34.669
50869414 50869106 34.669
50869414 6645046058 26.012
6645046058 6645046063 6.781
50869659 51235721 36.039
50869659 50869665 75.918
50869659 51235718 295.476
51235721 51148039 80.279
51235721 50891273 46.298
51235721 50869659 36.039
50869665 50869659 75.918
50869665 50891278 86.255
50869665 635576247 110.415
51235718 51137706 76.173
51235718 51148039 73.24600000000001
51235718 50869659 295.476
50891278 50891273 97.387
50891278 50869665 86.255
50891278 7180555870 543.332
635576247 50869665 110.41499999999999
50873972 51176462 71.391
50873972 51222339 94.833
50873972 51271119 71.732
51176462 51176452 378.21900000000005
51176462 51114094 72.869
51176462 50873972 71.391
51222339 51112342 70.753
51222339 51114088 164.989
51222339 50873972 94.833
51271119 50873972 71.732
50874516 51099469 174.11
50874516 51141299 58.967
50874516 1479189797 54.14399999999999
51099469 50874516 174.11
51099469 51127790 142.90900000000002
51099469 51141299 113.75399999999999
51141299 51099469 113.75399999999999
51141299 51141297 122.231
51141299 51250609 122.212
51141299 50874516 58.967
1479189797 51269866 14.972
1479189797 50874516 54.144
1479189797 1479189882 121.753
50879780 51233167 54.164
50879780 51194596 68.5
50879780 51112889 121.225
51233167 51233168 126.463
51233167 50879780 54.164
51233167 51121494 115.178
51194596 51121493 114.921
51194596 50879780 68.5
51194596 51082142 122.088
51112889 51112890 145.085
51112889 50879780 121.225
51112889 51176690 121.227
51112889 51112887 193.608
50891174 50891182 61.821
50891182 50891184 125.887
50891182 50891174 61.821000000000005
50891182 50891254 179.05100000000002
50891184 50891186 62.943
50891184 50891182 125.887
50891184 50891254 93.382
50891254 50891184 93.382
50891254 50891182 179.051
50891254 50891243 60.248000000000005
50891186 50891184 62.943
50891186 50891195 74.49000000000001
50891186 50891243 106.517
50891195 50891203 85.37899999999999
50891195 50891186 74.49000000000001
50891195 50891241 120.199
50891243 50891241 67.674
50891243 50891254 60.248
50891243 50891186 106.517
50891203 50891226 98.486
50891203 50891195 85.37899999999999
50891203 8726017614 414.902
50891203 50891240 158.70100000000002
50891241 50891243 67.674
50891241 50891240 107.569
50891241 50891195 120.199
50891226 50891240 204.442
50891226 50891203 98.486
8726017614 50891203 414.90199999999993
8726017614 7180555858 38.0
50891240 50891241 107.569
50891240 50891226 204.44199999999998
50891240 50891203 158.701
50891273 51235721 46.298
50891273 50891278 97.387
50891273 51137713 61.308
51137713 51137712 82.338
51137713 51259032 73.74499999999999
51137713 50891273 61.308
7180555870 51102810 14.616
7180555870 50891278 543.3320000000001
7180555870 51135321 70.143
50898289 50898302 289.264
50898289 51130227 1687.575
50898302 50898289 289.264
50898302 51130608 354.311
51130608 51082945 211.09499999999997
51130608 50898302 354.31100000000004
50899634 49633604 756.944
50899634 51297339 426.01399999999995
51297339 562387491 15.656
50904096 50904097 8.864
50904097 50904096 8.864
50904097 50952187 316.85499999999996
50952187 50904097 316.855
50952187 51125717 1116.986
50952187 51134226 903.454
50930807 50930808 60.393
50930808 51173473 14.705
50930808 50930811 224.875
50930808 50930807 60.393
50930808 8981783145 212.74300000000002
51173473 50930808 14.705
51173473 51269878 225.57000000000002
50930811 50930813 347.796
50930811 50930808 224.875
50930811 51088710 207.03
50930811 51269878 17.616999999999997
8981783145 7967510877 91.643
8981783145 50930808 212.74300000000002
8981783145 51088710 225.32500000000002
50930813 50930817 266.87499999999994
50930813 50930811 347.796
50930813 9074624440 221.379
50930813 51146945 16.969
51088710 50930811 207.03
51088710 9074624440 383.85099999999994
51088710 8981783145 225.32500000000002
51269878 1479189833 14.048
51269878 50930811 17.616999999999997
51269878 51146945 345.681
50930817 50930813 266.875
50930817 51302095 40.42700000000001
9074624440 50930813 221.379
9074624440 51212147 110.088
9074624440 51088723 322.264
9074624440 51088710 383.851
51146945 1479189899 13.78
51146945 50930813 16.969
51146945 51148878 266.89
51302095 51088723 220.20299999999995
51302095 1722542605 41.413
50938390 3397692530 81.38
3397692530 51062933 12.921
3397692530 3397692529 54.086
50943044 1650034824 27.984
1650034824 50943044 27.984
1650034824 1650034845 112.13699999999999
1650034824 51121256 83.982
50944811 1716436360 11.525
50944811 51158764 174.52300000000002
1716436360 1716436356 9.559
1716436360 1342885027 51.088
51158764 51136759 148.835
51158764 1753580586 10.666
50948722 6426990140 575.4300000000001
50948722 50948741 1067.187
6426990140 50948732 154.05
6426990140 6426990147 166.80700000000002
50948732 6426990158 132.748
50948732 6426990147 35.173
50948732 51034246 136.659
6426990158 50948741 209.548
6426990147 50948732 35.173
6426990147 6426990149 114.78999999999999
51034246 50948732 136.659
51034246 6426990134 87.543
51125717 51170128 208.612
51125717 51125713 29.357
51125717 51217985 106.037
51125717 50952187 1116.9859999999999
51134226 51134232 297.514
51134226 50952187 903.454
51134226 51159734 366.28700000000003
50953552 50953564 125.80900000000001
50953552 2627772523 98.797
50953552 1160784803 149.88699999999997
50953552 51210923 78.817
50953564 50953571 29.676000000000002
50953564 50953552 125.80900000000001
50953564 51014850 49.994
2627772523 51136773 8.308
2627772523 2627772532 251.827
2627772523 50953552 98.797
1160784803 1753580467 55.367
1160784803 50953571 80.355
1160784803 50953552 149.887
51210923 51210928 56.769999999999996
51210923 51210920 93.30600000000001
51210923 51232220 72.139
51210923 50953552 78.817
50953571 1160784803 80.355
50953571 50953564 29.676000000000002
50953571 1753580505 59.815
51014850 50953564 49.994
51014850 2627772523 117.947
1753580505 50953571 59.815
1753580505 1753580586 61.249
50961503 51085694 90.402
50961503 51234962 199.508
50961503 51269915 185.71
51085694 50961503 90.402
51085694 51275354 87.994
51085694 51275353 91.936
51234962 51234964 98.833
51234962 51145195 160.00400000000002
51234962 50961503 199.508
51269915 50961503 185.71
50963076 50963129 857.6079999999997
50963129 50963076 857.6080000000002
50963129 51101339 1111.297
50963129 51101334 498.047
51101334 4842732250 653.033
51101334 50963129 498.047
51101334 51159716 802.4549999999999
50967260 50967261 22.189
50967260 729511627 598.125
50967261 1718664071 17.15
50967261 1407380587 254.862
729511627 51123983 17.868
729511627 729511621 185.03300000000002
1718664071 1718664066 21.828
1718664071 51155245 434.876
1407380587 1718664071 254.161
1407380587 51155255 645.6300000000001
50967891 51112201 90.117
50967891 3394763922 20.327
50967891 51112204 105.112
51112201 3296952683 9.04
51112201 50967891 90.117
51112201 51112200 176.156
3394763922 50967891 20.327
3394763922 51210796 58.284
51112204 51088566 82.708
51112204 51088567 113.138
51112204 50967891 105.112
51141048 51123228 150.015
51141048 51112205 98.558
51141048 50969797 79.534
51141048 51112206 111.731
51141047 51088566 151.75
51141047 50969797 74.697
51141047 51123234 151.594
51141047 51141046 152.534
50991583 51227793 33.035
51227793 51127541 226.551
51227793 50991583 33.035
51227793 51083114 176.336
50991662 51088031 11.806
50991662 50991662 94.536
51088031 51088033 108.68
51182498 50995171 41.078
51182498 51193511 158.979
51182498 51296540 69.074
50999880 1705397697 51.853
50999880 51212192 221.589
50999880 51225999 223.772
1705397697 50999880 51.853
51212192 51212193 74.558
51212192 50999880 221.589
51212192 1160784813 39.992000000000004
51212192 51212186 68.923
51225999 51175429 372.59400000000005
51225999 51175429 59.551
51225999 51140981 94.47200000000001
51225999 50999880 223.772
51002766 51002781 189.77800000000002
51002766 51259956 107.727
51002766 51259250 249.64800000000002
51002781 51002766 189.77800000000002
51002781 51002781 58.473
51002781 51002781 58.473
51259956 51160544 270.322
51259956 51261199 85.924
51259956 51002766 107.727
51259250 1755340217 14.521
51259250 51002766 249.64800000000002
51259250 51116522 135.504
51259250 51153760 223.68699999999998
51003608 1612689266 15.997
51003608 562391075 116.73400000000001
51003608 1612689287 28.105000000000004
1612689266 51003608 15.997
1612689266 1612689264 76.399
562391075 562391624 20.185
562391075 1612689266 105.854
562391075 51295421 319.998
1612689287 1612689272 372.787
1612689287 51003608 28.105
51005092 51125580 89.872
51005092 51159398 78.202
51005092 51205852 113.066
51125580 51125585 77.33500000000001
51125580 51005092 89.872
51125580 51212903 48.971999999999994
51159398 51159388 192.62199999999999
51159398 51175812 176.77800000000002
51159398 51205859 82.907
51159398 51005092 78.202
51205852 51306577 67.169
51205852 51005092 113.066
51205852 51239534 578.931
51205852 51229349 276.833
51006344 51192913 317.19599999999997
51006344 51079243 170.764
51006344 500954919 378.225
51192913 51006344 317.19599999999997
51192913 51121120 1040.0890000000002
51192913 51121127 415.232
51192913 51274112 1865.5659999999998
51079243 51006344 170.76399999999998
51079243 2348749167 73.497
51079243 51079245 388.232
51008770 1386660430 69.786
51008770 51165870 140.233
51008770 51236877 143.19299999999998
1386660430 51008770 69.786
1386660430 1386660436 103.73
1386660430 2105039208 16.513
51165870 51008770 140.233
51165870 51207872 143.81900000000002
51165870 1386660436 79.631
51236877 51236936 21.534
51236877 51236876 52.746
51236877 51008770 143.19299999999998
51008785 51032755 284.4309999999999
51008785 51236885 137.34
51008785 1386660414 72.059
51032755 51008785 284.431
51032755 51236884 142.219
51032755 1386660412 66.973
51236885 51197415 118.87
51236885 51180044 11.41
51236885 51008785 137.34
1386660414 51008785 72.059
1386660414 1386660417 142.37500000000003
51009313 51191708 150.281
51009313 51235727 70.33099999999999
51009313 51235726 72.114
51191708 51009313 150.281
51191708 51135378 341.308
51191708 51201262 80.595
51235727 51009313 70.33099999999999
51235726 51009313 72.114
51235726 51201262 151.92999999999998
51235726 1479189849 255.16900000000004
51122346 51122353 144.687
51122346 51225310 103.345
51122346 51013033 53.42699999999999
51014860 51317390 54.0
51014860 51014883 335.31100000000004
51014860 51014883 174.65900000000002
51317390 51014860 54.0
51317390 51265848 83.746
51317390 51189414 202.23200000000003
51317390 51317393 47.485
51014883 51121113 171.687
51014883 51265848 154.345
51014883 51014860 335.311
51014883 51014860 174.659
51121113 51121112 156.682
51121113 51014883 171.687
51121113 51121097 118.364
51121113 51126420 275.98199999999997
51265848 51014883 154.345
51265848 51317390 83.746
51265848 51189433 86.504
51265848 51265845 101.44800000000001
51018292 51161438 200.789
51018292 51018255 455.68600000000004
51018292 51071010 178.469
51161438 51018292 200.789
51161438 4842732259 362.539
51161438 51082945 1850.1910000000003
51071010 51130227 198.79
51071010 51071042 450.31999999999994
51071010 51018292 178.469
51018323 51018255 898.168
51018323 51018292 460.26800000000003
51031260 51031261 105.583
51031261 1479189918 13.715
51031261 51031262 235.313
51031261 51031260 105.583
51031261 51102017 132.96300000000002
1479189918 51031261 13.715
1479189918 1723378000 169.95299999999997
51031262 51088540 256.304
51031262 51031261 235.31300000000002
51031262 1479189833 12.014
51031262 51141282 84.92500000000001
51102017 51291085 176.717
51102017 51102021 106.025
51102017 51031261 132.96300000000002
51102017 51107845 84.22
51088540 51141284 87.123
51088540 51088553 293.28700000000003
51088540 51031262 256.30400000000003
51088540 51141283 86.343
1479189833 51269878 14.048
1479189833 1761775945 175.378
1479189833 51031262 12.014
51141282 51141283 85.93299999999999
51141282 51031262 84.92500000000001
51141282 51122229 97.595
51031806 51031812 44.06
51031806 51245207 171.97
51031806 51126543 61.614000000000004
51031806 51157303 91.858
51031812 51031865 18.971
51031812 51031821 96.662
51031812 51031806 44.06
51245207 51031806 171.97
51126543 51126548 99.705
51126543 51055339 219.16700000000003
51126543 51031806 61.614
51157303 51157304 111.059
51157303 51031806 91.85799999999999
51157303 51147419 77.08
51031865 51031812 18.971
51031865 51031863 13.939
51031865 51031821 105.49799999999999
51031821 51031842 60.833
51031821 51031812 96.662
51031821 51031865 105.498
51031842 51055339 59.662
51031842 51031859 372.126
51031842 51031821 60.833
51055339 51031842 59.662
51055339 51126543 219.167
51055339 51123979 147.19599999999997
51055339 3342679409 79.139
51031859 51031863 103.22
51031859 51031863 83.324
51031859 51031842 372.12600000000003
51031863 51031865 13.939
51031863 51031859 103.22
51031863 51031859 83.324
51236884 51112628 26.434
51236884 51197415 107.44
51236884 51032755 142.219
1386660412 1386660414 227.885
1386660412 51032755 66.973
1386660412 51120786 15.847000000000001
51034240 50899634 3907.0769999999993
6426990134 51034240 458.287
51034252 6426990135 364.759
51034252 51034240 945.058
6426990135 51034246 46.482
51045399 51062933 64.921
51062933 3397692530 12.921
51062933 51045399 64.921
51050445 51050454 121.895
51050445 51113472 87.708
51050445 51113470 201.192
51050454 51050445 121.895
51113472 51113471 69.353
51113472 51113476 165.46499999999997
51113472 51050445 87.708
51113470 51113471 42.912
51113470 2377421466 52.492
51113470 51050445 201.19200000000004
51050479 51107662 812.33
51107662 51107671 276.992
51107662 51050479 812.3299999999999
51107662 51176368 192.43699999999998
51052555 1162900384 943.0619999999999
1162900384 51052555 943.0620000000004
1162900384 51192906 372.8550000000001
1162900384 51113439 1170.4660000000001
51123979 51123980 291.733
51123979 51055339 147.196
51123979 51155771 67.886
51123979 51123975 640.278
3342679409 51178003 160.481
3342679409 51055339 79.13900000000001
3342679409 3691553141 23.875
51062931 51062933 54.597
51062931 51167693 238.28699999999998
51062931 3397692529 12.685
51167693 51167694 165.682
51167693 51113476 32.155
51167693 51062931 238.28699999999998
3397692529 51161893 6.705
3397692529 51062931 12.685
51063273 51116896 62.998
51116896 51063273 62.998
51116896 51116895 76.023
51116896 1161725289 126.44
51070983 51071010 464.9860000000001
51070983 51071042 895.235
51071042 51263699 1299.362
51075950 51107658 150.12900000000002
51107658 51171395 310.558
51107658 51075950 150.12900000000002
51107658 51107659 82.53
51107658 51107657 79.801
51078756 51098785 150.87400000000002
51098785 51078756 150.87400000000002
51098785 51098786 106.086
51098785 51098783 218.95600000000002
51078841 51144529 376.431
51144529 51144532 497.03000000000003
51144529 51217958 121.272
51144529 51078841 376.431
51079242 2348749272 329.736
51079242 51079245 747.361
2348749272 51079243 45.608
2348749272 2348749167 96.17
51079245 51263600 479.063
2348749167 51192906 241.099
2348749167 51079243 73.497
51263600 51263592 491.169
51263600 51263592 498.161
51080980 51132992 78.063
51080980 51107340 75.352
51080980 51175263 155.452
51132992 51132995 108.827
51132992 51107344 115.288
51132992 51080980 78.063
51132992 51148125 364.1770000000001
51107340 51107344 115.66699999999999
51107340 51107337 72.214
51107340 51080980 75.352
51082026 51157678 110.77399999999999
51082026 51112633 140.161
51157678 51168204 140.442
51157678 9005408355 75.711
51157678 51082026 110.77399999999999
51112633 51112632 155.177
51112633 51115451 83.57300000000001
51112633 51168199 146.351
51112633 51082026 140.161
51082032 51192882 71.389
51192882 51082032 71.389
51192882 51097989 448.44300000000004
51192882 2348749307 341.447
51192882 51192880 328.829
51082096 51114792 76.865
51114792 51113723 70.337
51114792 51082096 76.865
51114792 51114791 72.366
51082142 51120787 61.615
51082142 51112887 100.444
51082142 51194596 122.088
51120787 51120788 53.263
51120787 51082142 61.615
51120787 51133877 146.441
51112887 51082142 100.444
51112887 51120786 142.54199999999997
51112887 51112889 193.608
51112887 51112886 146.399
51082152 51233168 57.354
51082152 51121495 58.392
51082152 51133878 139.66
51233168 51233167 126.463
51233168 51082152 57.354
51233168 51112891 90.839
51121495 51082152 58.392
51121495 51104352 97.886
51121495 51121494 126.411
51133878 51104353 156.293
51133878 51121875 144.54999999999998
51133878 51082152 139.66000000000003
51133878 51112892 148.20600000000002
51082945 51130608 211.09499999999997
51082945 51101339 1291.033
51082945 51161438 1850.1909999999996
51083056 51083059 93.93
51083056 51214450 204.987
51083056 51190288 76.722
51083059 51083060 90.178
51083059 51181845 108.726
51083059 51083056 93.93
51214450 51214485 306.57599999999996
51214450 51214485 259.77700000000004
51214450 51083056 204.98700000000002
51190288 51190284 131.638
51190288 51083056 76.722
51190288 51113927 119.44399999999999
51083060 51083059 90.178
51083060 51083062 80.881
51083060 51113928 295.182
51083060 51123499 93.205
51181845 51083059 108.726
51083062 51083065 54.93
51083062 51083060 80.881
51083062 51266984 128.60399999999998
51113928 51113927 87.53
51113928 51083060 295.182
51113928 51115315 100.841
51123499 51083060 93.205
51083065 51083068 78.06
51083065 51083062 54.92999999999999
51083065 51177590 332.1459999999999
51266984 51083062 128.604
51083068 51083070 77.989
51083068 51083065 78.06
51083068 51177590 332.78999999999996
51177590 51084148 77.303
51177590 51251014 80.061
51177590 51083065 332.146
51177590 51083068 332.78999999999996
51083070 51083075 122.081
51083070 51083068 77.989
51083070 51251014 389.34000000000003
51083070 51157259 81.074
51083075 51083078 57.123000000000005
51083075 51083070 122.081
51083075 51167657 83.43799999999999
51251014 51177590 80.061
51251014 51104783 108.723
51251014 51083070 389.34000000000003
51157259 51157260 45.452
51157259 51157258 23.979
51157259 51083070 81.074
51157259 51167654 332.884
51083078 51083081 79.618
51083078 51083075 57.123000000000005
51083078 51167654 94.066
51167657 51167659 90.275
51167657 51083075 83.43799999999999
51167657 51197964 143.937
51083081 51083083 69.213
51083081 51083078 79.618
51083081 1161741655 89.09100000000001
51167654 51083078 94.066
51167654 51157259 332.884
51083083 51083085 61.587
51083083 51083081 69.213
51083083 51101617 148.571
51083083 51134364 346.661
1161741655 51083081 89.09100000000001
51083085 51083089 90.565
51083085 51083083 61.587
51083085 51297701 224.49200000000002
51101617 51101622 77.819
51101617 51134373 180.094
51101617 51083083 148.571
51134364 51099357 112.568
51134364 51232157 70.27600000000001
51134364 51083083 346.661
51083089 51083094 102.447
51083089 51083085 90.565
51083089 51297705 190.191
51297701 51297705 100.345
51297701 51297697 67.021
51297701 51083085 224.49200000000002
51083094 51083096 59.059
51083094 51083089 102.447
51083094 51188530 175.53300000000002
51083094 51101622 235.89100000000005
51297705 51297701 100.345
51297705 51277865 168.5
51297705 51083089 190.19099999999997
51083096 51083099 62.032
51083096 51083094 59.059
51083096 51323248 164.48399999999998
51188530 51188534 60.214
51188530 51083094 175.53300000000002
51188530 51083099 197.55700000000002
51101622 51101625 108.253
51101622 51101617 77.81899999999999
51101622 51083094 235.891
51101622 51188505 144.076
51083099 51083101 74.731
51083099 51083096 62.032000000000004
51083099 51188530 197.55700000000002
51083099 51101635 234.07200000000003
51323248 51083096 164.48399999999998
51083101 51083106 70.495
51083101 51083099 74.731
51083101 51116895 205.57399999999998
51083101 51126671 53.128
51101635 51101630 56.035
51101635 51127812 54.147000000000006
51101635 51083099 234.072
51083106 51083111 71.0
51083106 51083101 70.495
51083106 51083285 71.378
51116895 51116896 76.023
51116895 51180791 81.579
51116895 51083101 205.57399999999998
51126671 51083101 53.128
51083111 51083114 128.586
51083111 51083106 71.0
51083111 51127541 67.12
51083111 51240023 78.04599999999999
51083285 51187917 32.275
51083285 51083290 105.657
51083285 51083106 71.37800000000001
51083114 51083111 128.586
51083114 51227793 176.33599999999998
51083114 51127807 321.90799999999996
51127541 1161725232 101.162
51127541 51227793 226.551
51127541 51083111 67.12
51240023 51240033 115.315
51240023 51083111 78.04599999999999
51240023 51313046 70.48400000000001
51127807 51127812 59.592
51127807 51196295 198.45900000000003
51127807 51083114 321.908
51127807 51134373 310.461
51083233 51083234 129.988
51083233 51218703 49.769
51083233 51088849 84.777
51083234 51083233 129.988
51083234 51099317 38.982
51083234 51099324 56.767999999999994
51218703 51083233 49.769
51088849 51083233 84.777
51088849 51088852 47.995999999999995
51088849 51099306 284.826
51099317 51083234 38.982
51099317 51205263 42.961
51099317 51099312 158.531
51099324 51099348 26.429
51099324 51099329 125.29499999999999
51099324 51083234 56.768000000000015
51083235 51083242 124.464
51083235 51118845 85.814
51083235 51134277 79.833
51083242 51083235 124.464
51118845 51118857 180.528
51118845 51134286 115.287
51118845 51083235 85.814
51134277 51134254 98.51
51134277 51083235 79.83299999999998
51134277 51241090 124.093
51134277 51241080 174.017
51083248 51176326 133.657
51083248 51083249 103.677
51083248 51176325 430.016
51176326 51099510 177.691
51176326 51083248 133.657
51176326 51178408 102.919
51083249 381711275 77.074
51083249 51083248 103.67699999999999
51083249 1241173623 65.466
51083249 51118726 378.15199999999993
51176325 51132990 293.58500000000004
51176325 51118729 164.581
51176325 51083248 430.016
51176325 51121400 166.673
381711275 51083249 77.074
1241173623 51083249 65.466
51118726 51118729 127.2
51118726 51118723 139.747
51118726 51083249 378.152
51083250 51118721 120.769
51118721 51178408 92.009
51118721 51083250 120.769
51118721 51193613 139.282
51083251 51121926 102.755
51083251 381719469 64.381
51083251 381711762 67.0
51121926 51121927 79.774
51121926 51118722 128.42700000000002
51121926 51155025 77.457
51121926 51083251 102.755
381719469 51083251 64.381
381711762 51083251 67.0
51083252 51193613 42.721
51193613 51118721 139.282
51193613 51115203 88.167
51193613 51083252 42.721
51187917 51083285 32.275
51083290 51083300 164.13199999999998
51083290 51083285 105.65700000000001
51083290 51180784 100.24900000000001
51083300 51083290 164.13199999999998
51180784 51314657 30.245
51180784 51180791 71.151
51180784 51083290 100.24900000000001
51083400 51155771 298.5880000000001
51083400 51171302 49.467
51083400 51155775 103.28
51155771 51155775 174.996
51155771 51123979 67.886
51155771 51161508 82.103
51155771 51083400 298.588
51171302 51083400 49.46699999999999
51155775 51155777 80.38
51155775 51155771 174.996
51155775 51083400 103.28
51083401 1162908662 59.92
51083401 51091800 122.05
51083401 51091781 246.894
51083401 51132875 99.38099999999999
1162908662 51083401 59.92
51091800 51091805 77.50399999999999
51091800 51083401 122.05
51091800 51126320 198.036
51091781 51245526 32.591
51091781 51083401 246.894
51091781 51091776 86.06299999999999
51132875 51192114 31.543
51132875 51083401 99.381
51132875 51129202 148.482
51083881 51184411 87.893
51083881 51083883 111.212
51083881 51305066 142.86
51184411 51083881 87.893
51184411 51184412 56.324
51184411 51099443 150.697
51184411 51145516 82.228
51083883 7182730628 41.328
51083883 51083886 90.42099999999999
51083883 51083881 111.212
51305066 51112247 109.298
51305066 51083881 142.86
51305066 51099464 104.399
7182730628 51083883 41.328
7182730628 51099443 47.528
7182730628 7182730625 38.196
51083886 51083883 90.42099999999999
51083886 51112247 231.61599999999999
51083886 51112239 478.40899999999993
51112247 2030790824 506.34899999999993
51112247 51305066 109.29799999999999
51112247 51083886 231.61599999999999
51112239 51099434 74.699
51112239 51083886 478.40899999999993
51112239 51112229 205.48100000000002
51083954 1642685175 44.922
51083954 51203412 50.805
51083954 1642685181 141.125
1642685175 51083954 44.922
1642685175 1642685175 94.975
1642685175 1642685175 94.97500000000001
51203412 51083954 50.805
51203412 1738888804 11.638
51203412 51239906 146.996
1642685181 1642685181 89.262
1642685181 1642685181 89.262
1642685181 51083954 141.125
51083955 51083956 170.385
51083955 51271024 93.227
51083955 51144369 258.698
51083956 1703892577 88.875
51083956 51083955 170.385
51083956 51144369 88.923
51083956 51144364 93.215
51271024 51144364 170.471
51271024 51283947 35.583
51271024 51083955 93.227
51144369 51144371 57.766
51144369 51083956 88.923
51144369 51083955 258.698
1703892577 51083956 88.875
51144364 51083956 93.215
51144364 51144361 35.216
51144364 51271024 170.471
51084135 51084136 60.476
51084135 51140419 48.59
51084135 51140418 70.07000000000001
51084136 51084135 60.476
51140419 51084135 48.59
51140419 51139953 84.004
51140419 51140422 57.762
51140418 51084135 70.07000000000001
51140418 51275697 186.40699999999998
51140418 51280543 281.825
51084148 51177590 77.303
51084148 51084155 153.918
51084148 51185308 156.365
51084155 3487958231 151.10399999999998
51084155 51084148 153.918
51084155 51084186 38.653999999999996
51185308 51185322 25.677
51185308 51084184 125.00399999999999
51185308 51084148 156.365
3487958231 3487958230 11.546
3487958231 51084184 179.80700000000002
3487958231 51084155 151.104
51084186 51084155 38.653999999999996
51084184 3487958231 179.807
51084184 51134361 166.55399999999997
51084184 51185308 125.00399999999999
51134361 51084184 166.55400000000003
51134361 51099357 220.14999999999998
51134361 51134358 166.993
51084237 3584682941 62.189
51084237 51084247 173.39299999999997
51084237 4249368545 287.279
51084237 51093959 71.506
3584682941 3584682914 38.313
3584682941 51084237 62.189
3584682941 7431923907 203.904
3584682941 3584682923 157.00400000000002
51084247 51084237 173.393
51084247 51118836 285.447
51084247 51098781 368.705
51084247 51084248 157.414
4249368545 4249368544 14.811
4249368545 51084237 287.279
4249368545 4249368549 409.77299999999997
51093959 51084237 71.506
51093959 51093956 91.97200000000001
51093959 51089368 63.344
51118836 51118837 81.507
51118836 51118835 42.699
51118836 51135357 100.379
51118836 51084247 285.447
51098781 3584682932 41.510000000000005
51098781 51098782 336.90700000000004
51098781 7550329468 167.725
51098781 51084247 368.705
51084248 51126694 179.382
51084248 7043814642 64.734
51084248 51084247 157.414
51126694 51084248 179.382
7043814642 7043814644 75.71700000000001
7043814642 7043814636 112.43799999999999
7043814642 51084248 64.734
51084260 51138845 55.645
51084260 7043814636 120.153
51084260 51117317 57.70099999999999
51084260 51274483 347.426
51138845 51084260 55.645
51138845 1736036211 42.415
51138845 51248658 109.57099999999998
7043814636 51084260 120.153
7043814636 7043814648 53.516
7043814636 7043814642 112.438
51117317 51117316 39.673
51117317 51084260 57.70099999999999
51117317 51225310 68.70700000000001
51274483 51084260 347.426
51274483 51218648 81.31700000000001
51274483 51248621 120.51400000000001
51084263 1424299703 160.556
51084263 51201277 188.403
51084263 51217985 827.241
51084263 1424299746 412.27199999999993
1424299703 4249368556 90.64
1424299703 51084263 160.556
1424299703 1424300041 138.89
51201277 51135378 392.55
51201277 51135378 165.363
51201277 51084263 188.403
51217985 51209483 138.031
51217985 51125717 106.037
51217985 51084263 827.2409999999999
1424299746 1424299928 186.262
1424299746 1479189815 260.21000000000004
1424299746 51084263 412.272
51084297 51084304 114.285
51084297 51225955 96.065
51084297 51225948 83.21600000000001
51084304 51084297 114.285
51225955 51084297 96.065
51225948 51225942 99.165
51225948 51230364 197.71400000000003
51225948 51084297 83.21600000000001
51084393 51136193 79.174
51084393 51084396 469.577
51084393 51134351 122.08200000000001
51136193 51136194 87.956
51136193 51136192 85.336
51136193 51184161 213.606
51136193 51084393 79.174
51084396 51136208 89.291
51084396 51084393 469.577
51084396 51134348 71.446
51134351 51084393 122.082
51134351 51134348 421.288
51134351 3372717052 205.92899999999997
51136208 51136207 83.053
51136208 51084396 89.291
51136208 51142881 82.875
51134348 51084396 71.446
51134348 51134351 421.28799999999995
51134348 51134347 109.64500000000001
51084555 7180555866 12.461
51084555 51193032 105.463
7180555866 51084555 12.461
7180555866 4249368558 190.023
7180555866 7180555870 289.91900000000004
51193032 7180555864 11.685
51193032 51098783 399.111
51193032 8726022418 130.369
51084632 51220357 59.513999999999996
51084632 51113588 235.592
51084632 1665264168 69.87100000000001
51220357 51084632 59.513999999999996
51220357 51113588 86.78
51220357 51284326 195.013
51113588 51084632 235.592
51113588 51176296 72.452
1665264168 1665264168 73.33
1665264168 1665264168 73.33
1665264168 51084632 69.871
51084744 51084747 82.885
51084744 51234136 40.993
51084744 1895219943 221.616
51084747 51084744 82.885
51234136 51234135 74.501
51234136 51234137 47.313
51234136 51084744 40.993
1895219943 51084744 221.616
1895219943 51176392 225.985
1895219943 1895219880 62.117000000000004
51084809 51084812 46.125
51084809 51129391 58.083
51084809 51236393 56.461
51084812 51084809 46.125
51129391 51220373 240.642
51129391 51236201 291.33700000000005
51129391 51084809 58.083
51236393 51236201 53.049
51236393 51220373 41.483000000000004
51236393 51084809 56.461
51236393 51259986 50.754000000000005
51085468 51085469 155.327
51085469 51085468 155.327
51085469 51261242 72.424
51085469 51261254 267.34299999999996
51261242 51261247 96.88399999999999
51261242 51261240 36.163000000000004
51261242 51085469 72.424
51261254 51261253 33.817
51261254 51134355 56.25
51261254 51085469 267.34299999999996
51275354 51085694 87.994
51275354 7287544577 41.446
51275354 51234964 166.691
51275353 51085694 91.936
51275353 7287544576 41.091
51275353 51275352 94.272
51085700 51176411 406.16299999999995
51085700 1160761349 42.642
51085700 51126328 124.405
51176411 51176412 38.31
51176411 51085700 406.163
51176411 51199809 58.826
1160761349 51085700 42.642
51126328 51199798 83.784
51126328 51085700 124.405
51126328 1160761090 58.258
51126328 51176918 127.939
51086217 51086218 47.036
51086218 51086217 47.036
51086218 51158258 93.46
51086218 51188559 193.28199999999998
51158258 51086218 93.46
51158258 51158269 108.5
51158258 51158249 158.62800000000001
51188559 51324637 37.584
51188559 51158276 167.471
51188559 51086218 193.282
51086410 51086411 95.72
51086410 51201633 37.74
51086410 51246865 66.543
51086411 51086412 73.585
51086411 51086412 278.623
51086411 51086410 95.72
51201633 51201632 96.095
51201633 51086410 37.74
51201633 51204485 101.946
51246865 51137714 103.844
51246865 51224585 118.12299999999999
51246865 51086410 66.543
51086412 51086413 80.951
51086412 51086411 73.585
51086412 51086411 278.62300000000005
51086413 51086414 151.97
51086413 51086412 80.951
51086413 51171197 78.171
51086414 51086413 151.97
51086414 51171198 77.434
51086414 51204487 143.635
51171197 51171198 152.687
51171197 51137717 88.797
51171197 51086413 78.171
51171198 51171197 152.687
51171198 51171196 39.61
51171198 51086414 77.434
51204487 51086414 143.635
51204487 51204488 109.501
51204487 2105039190 105.168
51086415 51086416 144.725
51086415 51107651 224.403
51086416 51086415 144.725
51086416 51204469 153.844
51086416 1901752090 9.484
51107651 1479189893 15.776
51107651 1926682220 82.23
51107651 51269861 126.156
51204469 51104338 150.986
51204469 1903244285 10.143
51204469 51123242 145.52599999999998
1901752090 51086416 9.484
1901752090 1901752094 225.035
1901752090 51086417 148.222
51086417 51224410 226.20299999999997
51086417 51204470 153.03300000000002
51086417 51086418 152.085
51086417 1901752090 148.222
51224410 51086417 226.20299999999997
51224410 51270707 71.89099999999999
51224410 690792633 151.728
51224410 51224403 108.75799999999998
51204470 51086417 153.033
51204470 51104339 151.293
51204470 51204471 152.062
51204470 1903244285 146.44799999999998
51086418 51086420 151.462
51086418 51086417 152.085
51086418 690792633 225.46400000000003
51086418 51204471 152.533
51086420 51224413 224.38799999999998
51086420 51204472 153.399
51086420 51086422 152.82299999999998
51086420 51086418 151.462
690792633 1707639897 131.505
690792633 51224413 152.368
690792633 51086418 225.464
690792633 51224410 151.728
51204471 51086418 152.53300000000002
51204471 51204470 152.062
51204471 51204472 152.115
51204471 51104340 152.23999999999998
51224413 51086420 224.38799999999998
51224413 51224418 153.037
51224413 690792633 152.36799999999997
51204472 51086420 153.399
51204472 51204475 123.781
51204472 51204471 152.115
51086422 51224418 226.06
51086422 51204478 160.176
51086422 51086423 152.56599999999997
51086422 51086420 152.82299999999998
51224418 51086422 226.06
51224418 51224419 149.30300000000003
51224418 51224413 153.037
51204478 1732538662 28.907
51204478 51204475 28.057
51204478 51086422 160.176
51204478 51204482 154.779
51204478 1732538674 23.863999999999997
51086423 51204482 165.828
51086423 51086424 151.458
51086423 51086422 152.56599999999997
51086423 51224419 226.045
51204482 51104347 138.707
51204482 51086423 165.828
51204482 51204483 150.31
51204482 51204478 154.779
51086424 51204483 166.918
51086424 51224421 225.272
51086424 7321049282 145.583
51086424 51086423 151.458
51224419 51304306 190.506
51224419 51224418 149.303
51224419 51086423 226.045
51224419 51224421 155.334
51204483 51086424 166.918
51204483 51104348 138.45
51204483 51120789 147.046
51204483 51204482 150.31
51224421 51086424 225.272
51224421 51120791 144.618
51224421 51224419 155.33399999999997
7321049282 51120790 66.406
7321049282 51120789 170.162
7321049282 51086424 145.583
51087318 51087322 41.20399999999999
51087322 51087326 117.191
51087322 51087318 41.20399999999999
51087322 51180193 84.908
51087322 51109560 180.79
51087326 51087330 58.705
51087326 51087322 117.191
51087326 51109554 123.668
51087326 51263363 126.96499999999999
51180193 51087322 84.908
51109560 51087322 180.79
51109560 51109561 79.42099999999999
51109560 51109554 92.591
51087330 51087326 58.705
51109554 51227646 52.589
51109554 51087326 123.668
51109554 51109560 92.591
51109554 51109540 275.536
51263363 51087326 126.965
51087331 1651183352 95.01500000000001
51087331 51268701 69.904
51087331 51131694 401.118
1651183352 1651183328 23.515
1651183352 51087352 420.346
1651183352 51087331 95.01499999999999
51268701 51211720 56.01
51268701 51195113 208.462
51268701 51087331 69.904
51131694 51131691 74.61
51131694 51087331 401.118
51131694 51146932 104.11500000000001
51087352 51194164 117.534
51087352 51087356 82.947
51087352 1651183352 420.3459999999999
51087352 51177061 286.734
51194164 51141970 97.769
51194164 51087352 117.534
51194164 51194170 169.258
51194164 51144311 236.405
51087356 51101794 30.602
51087356 1408074041 105.43299999999999
51087356 51087352 82.947
51177061 51103242 90.924
51177061 51177071 193.607
51177061 51148868 145.447
